13 13 25 1 0 1 1 0 1 1 0 1 1 1 459 186 1 1 1 1 1 0 0 1 0 1 2 0 0 1 0 1 0 1 0 8.5 1 3.9 5.9 120 0.9 1 55 5 35 4 0.21 0.21 1
5 4 32 1 1 0 0 0 0 0 1 0 1 0 2797 59 1 0 0 0 0 0 0 1 1 1 2 3 1 1 0 1 0 1 1 6 0 4.1 6.2 120 0.9 1 63 2 28 6 0.48 0.64 1
0 1 22 1 6 1 1 0 1 0 1 1 1 1 288 45 0 0 0 0 0 1 0 1 0 1 2 2 1 0 0 1 0 0 0 0 1 3.6 6.4 130 0.9 3 62 3 25 7 0.36 0.64 1
5 4 43 0 1 0 0 1 1 0 1 0 1 1 4461 109 0 0 0 0 0 0 0 0 1 1 4.5 1 1 0 0 1 0 0 0 13.5 1 3.5 8.2 111 0.9 8 68 1 19 4 0.28 0.5 1
5 4 29 1 0 0 0 0 0 1 0 0 1 1 308 96 0 0 1 0 1 1 0 1 0 1 2 2 1 0 0 1 1 1 1 3.5 1 4 7 126 0.9 4 59 4 23 10 0.33 0.28 1
0 6 20 1 0 0 0 0 0 1 1 1 1 0 329 25 1 0 1 0 0 1 1 1 0 1 2.5 0 1 1 0 0 0 0 0 4 1 3.7 7.6 136 0.9 5 61 3 26 5 0.21 0.36 1
0 16 25 0 0 0 0 0 0 1 0 1 1 0 94 94 0 0 0 0 1 1 1 1 0 1 2 2 1 1 0 1 0 1 0 0 1 5 7.8 158 0.9 2 68 5 19 6 0.5 0.64 1
0 6 18 0 2 0 1 1 1 0 1 1 1 1 455 274 0 0 0 0 0 1 1 1 0 1 2 2 0 1 0 1 0 0 0 0 1 4.5 7.3 158 0.9 4 68 1 22 5 0.21 0.36 1
5 4 21 0 1 1 1 0 0 0 1 0 1 0 491 310 0 0 0 0 0 0 0 1 0 1 2 2 1 1 0 1 1 1 0 2.5 0 3.5 12 111 0.9 4 61 2 23 10 1.92 3.5 1
5 4 25 0 1 1 1 0 0 0 1 0 1 0 491 491 0 0 0 0 0 1 1 0 1 0 4.5 0 1 0 0 0 1 0 0 1.5 0 3.3 8.9 100 0.9 3 74 1 12 10 0.14 0.21 2
0 2 68 0 0 0 0 0 0 1 0 0 1 0 110 110 0 0 0 0 0 1 0 1 1 0 0 2 1 1 0 0 1 1 0 3.5 0 3.9 9.7 120 0.9 2 62 2 23 11 0.13 0.21 2
0 6 22 0 0 1 1 0 0 1 0 0 1 0 497 163 1 0 0 0 0 1 1 1 0 1 2 2 1 1 0 1 1 1 0 3 1 3.6 10 90 0.9 8 71 1 16 4 0.28 0.57 2
11 16 53 0 2 1 1 0 0 1 1 1 1 0 480 268 0 0 0 0 0 1 0 1 0 1 2 2 1 1 1 1 1 1 0 5 1 3.2 6.4 103 0.9 1 60 4 28 7 0.36 0.64 2
3 4 20 0 0 0 1 1 1 1 0 0 1 0 480 299 0 0 0 0 0 0 1 1 1 0 0 2 1 1 0 0 0 0 0 9.5 0 4.5 15.4 144 0.9 7 72 1 16 4 0.43 0.7 1
4 16 36 0 0 0 1 1 1 1 0 1 1 1 132 132 1 0 0 0 0 0 1 1 1 0 0 2 1 0 0 1 1 1 0 0 1 3.7 2.6 116 0.9 1 65 2 28 4 1.07 3.2 1
4 4 24 0 0 1 1 0 0 1 0 0 1 0 112 112 0 0 0 0 0 0 1 1 1 0 0 2 1 1 0 0 0 1 0 4 1 4.2 8.3 132 0.9 3 66 2 25 4 1.14 2.8 2
4 11 37 1 0 0 1 1 1 1 0 0 1 0 3054 41 1 0 0 0 0 1 0 1 0 1 2 2 1 1 0 0 1 1 0 3 1 3.4 4.2 106 0.9 2 66 1 24 7 0.86 1.78 1
6 11 52 1 1 0 0 0 0 1 1 0 1 0 1579 1579 0 0 0 0 0 1 0 1 1 0 0 2 1 1 0 1 0 0 0 2.5 1 4 9.8 130 0.9 4 68 1 15 12 0.28 0.43 2
2 1 25 1 1 0 0 0 0 1 1 1 1 0 840 659 0 0 0 0 0 1 1 1 1 0 2 2 1 1 0 1 0 0 0 3 1 4.3 5.8 136 0.9 2 69 3 20 6 0.36 0.14 2
0 4 42 0 0 1 1 0 0 1 0 0 1 0 519 185 0 0 0 0 0 1 0 1 0 1 2 1 1 1 1 0 0 1 0 3.5 1 4.2 9.2 130 0.9 1 68 3 19 9 1.78 2.65 2
4 1 24 1 0 0 1 1 1 1 0 1 1 0 475 444 0 0 0 0 0 1 1 1 0 1 2 2 1 1 1 1 0 0 0 4.5 1 3.8 5.6 112 0.9 3 67 0 22 8 0.14 0.36 2
5 1 23 1 1 0 0 0 0 0 1 0 1 0 480 449 0 0 0 0 0 1 0 1 0 1 2 2 1 1 0 1 1 1 0 5 1 4.1 6 124 0.9 1 58 4 33 4 0.28 0.5 2
2 1 18 1 3 0 0 0 0 0 1 0 1 0 455 304 0 0 0 0 0 1 1 1 1 0 0 2 1 1 0 0 0 1 0 7.5 1 3.9 10 120 0.9 12 62 4 17 5 0.21 0.21 2
4 4 26 0 3 0 0 0 0 1 1 1 1 0 135 104 0 0 0 0 0 0 0 0 1 1 4.5 1 1 0 0 0 1 1 0 7.5 1 3.7 9.4 106 0.9 4 71 2 19 4 0.36 0.5 2
13 6 27 0 3 0 0 0 0 0 0 1 1 1 522 188 1 0 0 0 0 0 1 0 1 0 2 0 1 1 1 1 0 1 0 9 0 4 7.9 132 0.9 1 64 2 26 7 0.36 0.64 2
12 17 36 0 1 0 0 1 1 0 1 0 1 0 519 185 0 0 0 0 0 1 1 1 1 0 2 2 1 1 1 1 1 1 0 6.5 1 4.1 6.1 128 0.9 3 77 1 18 1 0.43 0.86 2
2 4 27 0 0 0 0 0 0 1 0 0 1 0 1249 33 0 0 0 0 0 0 1 1 0 1 2 2 1 1 0 0 0 0 0 5.5 1 3 9 96 0.9 1 77 1 13 8 1.07 2.14 2
2 7 29 0 1 1 1 0 1 0 1 0 1 0 3441 33 0 0 0 0 0 1 1 1 0 1 2 2 1 1 1 1 1 1 0 5.5 1 3.9 7.2 132 0.9 3 78 1 10 8 0.21 0.21 2
6 6 17 0 0 0 0 0 0 1 1 1 1 0 143 22 0 0 0 0 0 1 0 1 0 1 2 2 1 1 0 1 1 1 0 2.5 1 4.2 5.8 112 0.9 3 65 1 27 4 0.36 0.64 2
2 4 28 1 1 0 0 1 1 0 1 0 1 0 539 419 0 0 0 1 0 0 1 1 0 1 2 2 1 1 0 1 1 1 0 5.5 1 3.4 6 106 0.9 5 74 1 13 7 0.57 1.14 2
4 5 30 1 6 0 1 1 1 1 0 0 1 1 174 53 1 0 0 0 0 1 1 1 0 1 2 2 1 1 1 1 1 1 0 3.5 1 3.4 6.3 107 0.9 3 65 2 26 4 1.07 1.77 2
3 1 26 1 0 0 0 0 0 1 0 0 1 0 539 205 0 0 0 0 0 1 0 1 0 1 2 2 1 1 0 1 1 0 0 3.5 1 3.2 5.8 112 0.9 2 65 3 23 7 0.28 0.36 2
0 1 22 1 0 0 1 1 1 1 1 1 1 1 157 5 1 1 0 0 0 1 0 1 0 1 2 2 1 0 0 0 1 1 0 0 1 4.1 4.8 130 0.9 4 56 13 22 5 1.07 2.86 1
0 2 81 1 0 0 1 1 1 1 0 0 1 0 546 487 1 1 0 0 0 0 0 1 0 1 2 2 1 1 0 1 1 1 0 9 1 3.4 4.2 106 0.9 1 68 1 24 6 0.28 0.43 2
2 1 29 1 0 1 1 0 1 1 0 1 1 0 181 60 1 1 0 0 0 1 1 1 0 1 2 2 1 1 0 1 1 1 0 5.5 1 3.5 6 110 0.9 4 67 4 18 7 0.43 0.7 2
0 4 38 0 0 1 1 0 1 1 0 0 1 1 186 65 1 0 0 0 0 0 1 1 0 1 2 2 1 1 0 1 0 0 0 5.5 1 4.7 3.1 150 0.9 1 56 3 32 8 1.26 2 1
5 1 35 1 3 0 0 0 0 1 1 1 1 0 1657 1657 0 0 1 0 1 1 0 1 0 1 2 0 1 1 0 0 1 0 0 11 1 3.6 12.4 96 0.9 12 54 3 27 4 0.36 0.64 2
5 4 29 0 3 0 0 0 0 1 0 1 1 0 1288 11 1 0 0 0 0 1 0 0 1 0 2 0 1 1 0 1 1 1 0 4.5 1 2.7 5.8 80 0.9 1 69 5 23 2 0.57 1.07 2
11 17 30 0 0 1 1 0 0 1 0 1 1 0 2755 17 0 0 0 0 0 1 1 1 0 1 2 2 1 1 1 1 1 1 1 5.5 1 4.3 6.1 152 0.9 2 68 9 16 5 0.36 0.43 1
2 1 32 1 3 0 0 0 0 1 0 1 1 0 564 17 1 1 0 1 1 1 1 1 0 0 2 0 1 1 1 0 1 1 0 5.5 1 3.1 6.4 100 0.9 1 66 1 26 6 0.64 1.5 2
2 4 21 0 0 0 0 0 0 1 0 0 1 0 199 168 0 0 0 0 0 0 0 1 0 1 2 0 1 1 0 0 0 0 0 4.5 0 3.4 5 93 0.9 2 69 1 21 7 1.07 2.65 2
11 4 29 0 1 0 0 0 0 1 1 1 1 0 941 941 0 1 0 0 1 1 1 1 1 1 2 0 1 1 0 1 0 0 0 5.5 1 4.2 5.8 136 0.9 3 59 2 28 8 0.36 0.64 1
0 4 40 0 1 0 1 1 1 0 1 0 1 0 14809 17 0 1 1 1 0 1 0 1 0 1 2 2 1 1 0 1 0 1 0 9 1 3.6 5.6 108 0.9 4 69 1 20 6 0.28 0.5 2
3 4 23 0 3 0 0 0 0 1 0 1 1 0 199 78 0 0 0 0 0 1 0 1 0 1 2 2 1 1 1 1 1 1 0 5.5 1 2.8 6.9 84 0.9 3 70 1 16 10 0.28 0.43 2
2 4 30 0 0 0 0 0 0 1 1 1 1 1 211 29 0 0 0 0 0 0 0 0 1 1 4.5 0 1 1 0 0 0 0 0 7 1 3.6 5.7 106 0.9 2 70 2 24 2 0.64 0.64 2
13 4 28 0 0 1 1 1 0 1 1 1 0 0 564 17 1 0 0 1 0 1 1 1 0 1 2 2 1 1 1 1 1 0 0 4.5 1 2.8 5.3 88 0.9 2 70 1 21 6 0.21 0.86 2
6 4 36 0 1 0 0 0 0 0 1 0 1 0 181 121 0 0 1 1 0 1 0 1 0 1 2 1 1 1 1 1 1 0 0 7.5 1 4.2 9.4 130 0.9 7 74 2 12 5 0.28 0.36 1
3 4 27 0 0 0 0 1 1 1 0 0 1 0 227 106 0 0 0 0 0 1 1 1 0 1 2 2 1 1 1 1 1 0 0 0 1 3.6 5.1 116 0.9 1 60 14 20 5 0.43 0.64 2
2 1 20 1 1 1 1 0 0 0 1 0 1 0 1688 1688 1 0 0 0 0 0 0 1 0 1 2 0 1 1 0 0 1 1 0 9 0 2.8 7.4 84 0.9 4 63 3 25 5 0.43 0.7 2
10 6 20 1 0 1 1 0 1 1 0 0 1 0 592 319 0 0 0 0 0 0 1 1 0 1 2 2 1 1 1 1 1 1 0 5.5 1 3.6 7 136 0.9 6 70 4 17 3 0.43 0.78 2
8 1 32 1 1 1 1 0 0 1 1 0 1 0 206 24 0 0 0 0 0 1 0 1 0 1 2 2 1 1 1 1 1 1 0 9 1 3.8 8.1 120 0.9 1 70 3 21 5 0.64 1.22 2
0 1 26 1 5 0 1 1 1 0 1 0 1 0 571 24 0 0 0 1 0 1 0 1 0 1 2 2 1 1 1 1 1 1 0 5.5 1 2.4 6 76 0.9 1 67 1 28 3 0.5 1 2
2 1 18 1 1 0 0 1 1 0 1 0 1 0 1322 1079 1 0 0 0 0 1 1 1 0 1 2 0 1 1 0 1 1 1 0 9 1 3.6 9.1 112 0.9 8 71 1 17 3 0.28 0.57 1
1 2 58 1 1 0 0 1 1 0 1 0 1 0 665 453 0 0 0 0 0 0 0 1 0 1 2 2 1 1 0 1 1 1 0 9 1 3.8 8.8 120 0.9 5 71 1 16 7 0.36 0.64 1
5 4 25 1 1 0 0 0 0 0 1 0 1 0 1761 26 1 1 1 0 0 0 0 1 1 1 2 2 1 0 0 1 1 0 0 9 1 3.9 6.4 118 0.9 1 63 4 27 5 0.28 0.5 2
14 1 22 1 0 0 1 1 1 1 0 0 1 0 300 56 0 0 0 0 0 1 1 1 0 1 0 2 1 0 0 1 1 1 0 4 1 3.2 10 100 0.9 3 70 2 18 7 0.21 0.21 2
11 13 28 1 1 0 0 0 0 1 1 1 1 1 1398 1398 0 0 0 0 0 0 0 1 0 1 2 0 1 0 1 0 0 0 1 7 1 3.9 8.4 114 0.9 2 72 3 18 5 1.65 2.78 1
8 11 23 0 1 0 0 0 0 1 1 1 1 0 1066 1066 0 0 0 0 0 1 1 0 1 1 4.5 1 0 1 0 1 0 0 0 6.5 1 3.8 4.7 106 0.9 2 70 4 20 4 0.36 0.64 1
1 1 41 1 0 1 1 1 0 1 0 1 1 1 324 19 0 0 0 0 0 1 1 1 1 1 2 2 1 1 0 1 1 0 0 3.5 1 3.6 5.2 124 0.9 2 64 2 25 7 0.64 0.64 1
0 1 26 1 0 0 1 0 1 1 0 0 1 1 336 62 0 0 0 0 0 1 1 1 1 0 0 2 1 1 1 1 1 1 0 5.5 1 3.3 7.9 104 0.9 1 64 1 28 6 0.43 0.7 1
2 1 36 1 1 1 1 0 1 0 1 0 1 0 2032 2032 1 1 0 0 0 0 0 1 1 1 2 1 1 1 1 1 0 1 0 6.5 1 3.6 5.2 112 0.9 1 66 2 25 6 0.43 0.64 2
3 1 19 1 0 1 1 0 0 1 0 0 1 0 1008 1008 0 0 0 0 0 0 0 0 1 0 4.5 0 1 1 1 1 1 0 0 9 0 3.8 11.5 120 0.9 10 63 1 14 12 0.64 1.26 2
5 4 51 0 0 1 1 0 0 1 0 1 1 1 308 34 1 0 0 0 0 1 1 1 0 1 2 0 1 1 0 1 1 0 0 6 1 3.4 5.5 118 0.9 2 63 3 23 9 0.36 0.64 1
2 1 31 1 5 1 1 0 1 0 1 0 1 0 708 435 0 0 0 0 0 1 1 1 0 1 2 0 1 1 0 0 1 1 0 6.5 1 3.8 5.9 120 0.9 4 66 2 19 9 0.28 0.5 2
3 1 31 1 0 1 1 0 0 1 0 0 1 0 339 95 0 0 0 0 0 0 1 1 0 1 2 0 1 1 0 0 0 0 0 5.5 0 3.2 6.1 100 0.9 1 65 2 24 8 0.43 0.57 2
13 4 25 0 0 1 1 0 0 1 1 1 1 1 339 34 1 0 0 0 0 1 1 1 0 1 2 0 1 1 1 1 1 1 0 3.5 1 3.7 8.1 120 0.9 2 63 6 23 6 0.21 0.43 1
2 13 22 1 5 0 0 1 1 0 1 0 1 0 1008 1008 0 0 0 0 0 1 1 1 0 1 2 0 1 1 1 1 1 1 0 5.5 1 4 4.9 126 0.9 4 61 4 21 10 0.36 0.64 2
0 1 27 1 3 0 0 0 0 0 0 1 1 0 628 628 0 0 0 0 0 1 1 1 0 1 2 2 1 0 0 0 0 1 1 4.5 1 3.6 5.3 110 0.9 1 65 9 21 4 0.43 0.57 2
2 4 30 0 0 0 1 1 1 1 0 0 1 0 280 280 0 0 0 0 0 1 1 1 0 1 2 0 1 1 0 1 1 1 0 3.5 1 4.2 9.8 134 0.9 9 62 6 19 4 0.14 0.21 1
0 1 25 1 0 0 1 0 1 1 0 0 1 0 270 270 1 1 0 0 0 1 0 1 0 1 2 3 1 1 0 1 0 1 0 5.5 1 3.7 7.9 116 0.9 4 57 11 17 11 0.28 0.36 2
12 4 26 0 0 1 1 1 0 1 0 1 1 0 1731 1731 0 0 0 0 0 1 0 1 0 1 2 2 1 1 1 1 1 0 0 3.5 1 4.3 4.5 138 0.9 1 68 4 23 4 0.28 0.43 2
2 1 31 1 0 0 1 1 1 1 0 1 1 1 270 270 1 0 0 0 0 0 0 1 1 0 0 3 1 0 1 1 0 0 0 3.5 1 3.6 5.1 110 0.9 1 68 2 25 4 0.43 0.7 1
4 1 21 1 0 1 1 1 0 1 0 0 1 0 341 341 1 0 0 0 0 0 0 1 0 1 2 2 1 0 0 0 1 0 0 4 1 3 8.2 99 0.9 2 62 1 29 6 0.57 1.36 2
2 1 53 1 2 1 1 0 1 0 1 1 1 1 392 392 1 0 0 0 0 1 1 1 0 1 2 0 1 1 0 0 0 1 0 6.5 1 3.5 3.1 110 0.9 2 61 1 28 8 0.28 0.5 2
0 1 20 1 0 0 1 0 1 1 1 1 1 1 392 179 1 0 0 0 0 1 0 1 0 1 2 3 1 1 1 1 1 1 0 3.5 1 4 5.8 128 0.9 5 60 2 28 5 0.43 0.7 1
5 1 25 1 0 1 0 1 1 1 0 0 1 0 26 26 0 0 0 0 0 1 0 1 0 1 2 2 1 1 0 1 1 1 0 3.5 1 3.7 10.02 116 0.9 6 68 7 12 7 0.14 0.28 1
8 4 20 0 1 0 0 0 0 0 1 1 1 0 757 726 1 1 0 0 0 1 1 0 1 1 4.5 1 1 0 0 1 0 0 0 2.5 1 2.1 10.8 64 0.9 8 65 1 20 6 0.21 0.5 2
10 2 69 0 0 0 1 0 1 1 1 1 1 1 1752 291 1 0 0 0 0 1 0 1 0 1 2 2 1 1 0 1 1 0 0 3.5 1 4.2 6.1 132 0.9 1 75 1 18 5 0.21 0.5 1
11 6 18 0 1 0 0 0 0 1 1 0 1 0 1753 1753 1 1 0 0 0 1 1 1 1 1 0 2 1 1 0 1 1 1 1 7.5 1 3.4 5.9 107 0.9 1 66 1 25 7 0.21 0.21 2
13 16 42 0 3 0 0 0 0 1 0 0 1 0 2129 29 1 1 0 0 0 1 0 0 1 0 2 0 1 0 0 1 0 1 0 10 1 3.1 8.7 94 0.9 2 62 3 29 4 0.5 0.64 2
0 4 48 0 0 0 1 1 1 1 1 1 1 1 293 292 1 0 0 0 0 1 0 1 0 1 2 3 1 1 0 0 1 1 0 2.5 1 4 8.1 132 0.9 8 71 1 16 4 0.43 0.93 2
4 4 47 0 0 1 1 0 0 1 0 0 1 0 2118 290 0 0 0 0 0 1 0 1 0 1 2 2 1 1 0 1 1 0 0 3.5 1 4.1 6 132 0.9 1 69 1 23 6 0.28 0.36 1
11 18 25 0 0 1 1 0 1 1 0 0 1 1 299 22 1 1 0 0 0 1 1 1 0 1 2 3 1 1 1 1 1 0 0 0 1 4.2 7.5 130 0.9 1 60 8 26 5 0.28 0.43 2
5 4 39 0 3 0 0 0 0 1 0 1 1 0 1398 1394 0 0 0 0 0 1 0 1 0 1 2 2 1 1 0 1 1 0 0 9 1 3.4 8.7 88 0.8 2 71 3 20 4 0.36 0.64 2
3 11 23 0 1 0 0 0 0 1 1 1 1 0 1033 1028 1 1 0 0 0 1 1 1 0 1 2 2 1 1 0 1 0 0 0 5.5 1 4 8.8 124 0.9 1 65 7 20 7 0.36 0.5 1
3 4 34 0 0 1 1 0 1 1 1 0 1 1 35 29 1 0 0 0 0 0 1 0 1 1 2 1 0 1 0 1 0 0 0 5.5 1 4.1 5.2 128 0.9 4 60 6 22 8 0.28 0.43 2
11 4 23 0 0 1 1 0 1 1 0 1 1 1 401 394 1 0 0 0 0 1 1 1 0 1 2 2 1 1 1 1 0 1 0 3.5 1 4.2 4.2 132 0.9 1 51 2 38 8 0.21 0.21 1
12 17 48 0 1 0 0 0 0 1 1 1 1 0 1496 1488 1 1 0 0 0 1 0 1 1 0 0 2 1 1 0 1 0 1 1 6.5 1 4.1 5.6 118 0.9 3 57 2 33 5 0.28 0.5 2
5 4 43 0 0 0 1 0 1 1 0 0 1 0 406 9 0 0 0 0 0 1 1 1 0 1 2 3 1 1 0 1 0 0 0 7 1 4 9 124 0.9 1 64 2 27 6 0.43 0.7 2
7 11 42 0 1 0 0 0 0 0 1 0 1 0 2957 35 0 0 1 0 0 0 0 1 0 1 2 3 1 0 0 0 0 1 0 3.5 1 4.8 5.3 150 0.9 7 64 1 19 9 1.07 3.1 2
0 1 28 1 0 0 1 1 1 1 0 1 1 0 424 180 0 0 0 0 0 1 1 1 0 1 2 3 0 1 0 0 0 1 0 3.5 1 4 14.8 126 0.9 9 66 1 13 11 0.14 0.14 2
0 1 49 1 0 1 1 0 1 1 0 1 1 0 60 60 0 1 0 0 0 1 0 1 1 0 0 2 1 1 0 1 1 1 1 4 1 3.6 7.4 96 0.9 2 54 2 37 5 0.14 0.36 2
11 13 23 1 0 0 1 1 1 1 1 1 1 0 60 29 1 0 1 0 0 1 0 1 1 0 0 2 1 1 0 1 1 1 1 3.5 1 3.7 5.8 134 0.9 1 58 3 34 4 0.21 0.28 1
2 1 29 1 1 0 0 0 0 1 1 1 1 0 791 791 1 0 1 0 0 0 0 1 0 1 2 0 1 1 0 1 0 0 0 4 1 3.6 5.9 104 0.9 2 59 1 34 4 0.14 0.28 2
0 1 42 1 3 0 0 0 0 0 1 0 1 0 426 60 0 0 0 0 0 1 0 1 0 1 2 0 1 1 0 1 0 1 0 6.5 1 4 5.5 122 0.9 1 59 1 36 3 0.64 0.78 2
0 13 24 1 0 1 1 0 1 1 0 1 1 1 50 50 1 0 0 0 0 1 0 1 1 0 0 2 1 1 0 0 0 1 0 0 1 3.7 6.1 107 0.9 1 59 2 33 5 0.43 0.64 2
11 1 23 1 5 0 0 1 1 0 1 1 1 0 791 60 0 1 0 0 0 1 1 0 1 1 4.5 1 1 0 1 1 0 1 0 6.5 1 3.2 7.9 114 0.9 2 60 1 34 3 0.5 0.78 2
2 1 29 1 1 0 0 0 0 1 1 1 1 0 778 778 1 1 0 0 0 1 0 1 0 1 2 0 1 1 1 1 0 1 0 12.5 1 3.4 7.8 116 0.9 3 57 2 33 5 0.64 0.64 2
1 2 68 1 0 0 1 0 1 1 0 0 1 0 1536 16 0 0 0 0 0 1 0 1 0 1 2 2 1 1 1 1 0 1 0 6 1 4.1 7.4 126 0.9 3 62 2 25 8 0.36 0.21 2
7 4 24 0 0 1 1 0 1 1 0 1 1 0 74 74 0 0 0 0 0 1 1 1 0 1 2 2 1 1 0 1 0 0 0 3.5 1 3.6 7.7 138 0.9 2 65 1 25 7 0.5 0.68 2
5 4 40 0 0 1 1 0 1 1 1 1 1 0 461 461 0 0 0 0 0 0 1 1 0 1 2 3 0 1 0 0 0 1 0 3.5 1 3.2 5.9 119 0.9 3 59 2 29 7 0.64 1.07 2
1 4 27 0 0 0 0 0 0 1 1 1 1 0 174 174 0 0 0 0 0 1 1 0 1 0 2 0 0 1 0 1 0 0 0 3.5 1 3.5 7 120 0.9 2 59 3 31 5 0.36 0.64 2
5 1 27 1 0 0 0 0 0 1 0 1 1 0 219 68 1 0 0 0 0 1 1 1 0 1 2 2 1 1 0 1 0 0 0 3.5 1 3.6 4.8 112 0.9 3 60 2 31 4 0.42 0.64 1
1 1 39 1 0 0 0 0 0 1 1 1 1 1 250 250 0 0 0 0 0 0 0 0 1 1 2 2 1 0 0 0 0 0 1 5 1 3.4 6.3 107 0.9 3 64 3 20 10 0.86 0.86 2
0 6 25 0 1 0 0 0 0 1 1 1 1 0 1366 1366 0 0 0 0 0 1 0 1 0 1 2 2 1 1 0 0 1 0 0 9 1 3.8 6.2 124 0.9 4 68 1 21 6 0.36 0.64 2
0 4 32 0 0 1 1 1 0 1 0 1 1 0 799 37 0 0 1 1 0 0 0 0 1 1 4.5 0 0 1 0 0 1 1 0 8.5 1 3 5.4 104 0.8 2 67 1 23 7 0.64 0.36 2
5 4 37 0 0 1 1 1 0 1 0 1 1 1 445 79 0 0 0 0 0 1 0 1 0 1 2 2 1 0 1 0 1 0 0 8.5 1 4 6.7 136 0.9 3 57 2 30 8 0.48 0.64 1
0 19 42 0 0 1 1 0 0 1 0 0 1 0 837 686 0 0 0 0 0 1 0 1 0 1 2 2 1 1 1 0 0 1 0 3.5 1 3.7 5.8 100 0.8 7 58 10 20 5 0.45 0.36 2
0 20 36 1 0 1 0 1 1 1 1 1 1 0 490 490 0 1 1 1 1 1 1 1 0 1 2 0 1 1 0 0 0 1 0 5.5 1 3.7 5.2 116 0.9 3 61 4 26 6 0.36 0.64 2
0 21 25 0 0 0 1 1 1 1 0 1 1 1 124 124 0 0 0 0 0 1 1 1 0 1 2 0 1 0 0 0 0 0 0 6 1 4.4 3.8 140 0.9 1 67 1 25 6 0.28 0.36 2
2 21 41 0 0 1 1 0 0 1 1 1 1 1 142 142 0 0 0 0 0 0 0 1 0 1 2 2 0 1 0 1 0 1 0 9 1 3.1 4.7 96 0.9 1 64 5 22 8 0.21 0.21 2
6 1 18 0 0 0 1 1 1 1 1 1 1 1 158 38 0 0 0 1 1 0 1 1 0 1 2 2 1 1 0 0 0 1 0 4 1 4.2 5.7 130 0.9 1 55 2 37 5 0.45 0.5 1
4 1 31 1 0 0 1 1 1 1 1 1 1 1 1242 87 0 0 0 0 0 0 0 0 1 1 4.5 1 0 1 0 1 0 1 0 4 1 4.2 9.2 126 0.9 9 67 1 19 4 0.64 1.22 2
0 13 33 1 0 0 1 1 1 1 1 1 1 1 889 7 0 1 1 1 1 0 0 1 0 1 2 0 1 0 0 0 0 1 0 0 1 3 7.8 90 0.9 1 63 4 27 5 0.86 0.64 2
12 1 24 1 0 1 1 0 0 1 0 1 1 0 153 63 0 0 0 0 0 0 1 0 1 1 2 3 0 0 1 0 0 1 0 4 1 3.7 6.7 115 0.9 1 66 1 27 5 0.26 0.29 1
0 3 34 1 0 1 1 0 1 1 0 0 1 1 897 166 0 0 0 0 0 0 0 0 1 1 4.5 1 1 1 0 0 0 1 0 6 1 3.4 5.4 122 0.9 5 58 3 24 10 0.14 0.21 1
0 21 26 0 0 0 0 1 1 1 0 1 1 1 166 15 1 0 0 0 0 1 1 0 1 1 4.5 1 0 0 0 0 1 1 0 6 1 3 5.7 116 0.9 2 61 3 28 6 0.45 0.64 1
0 6 19 0 0 1 1 0 0 1 1 1 1 0 167 16 0 0 0 0 0 0 1 0 1 1 4.5 1 0 1 0 0 0 0 0 9 1 3.3 6.8 100 0.9 1 68 7 14 10 0.28 0.36 2
0 21 42 0 0 1 1 1 0 1 0 1 1 1 2366 54 0 1 1 1 1 1 0 1 0 1 2 2 1 1 0 0 0 0 0 6 0 3.3 4.8 118 0.9 3 57 4 100 6 0.36 0.64 2
2 14 30 0 0 0 0 1 1 1 0 1 1 1 206 25 0 0 0 0 0 0 0 1 0 1 2 2 1 0 0 0 0 0 0 6 1 3.2 5.7 110 0.9 3 61 2 28 6 0.28 0.36 2
0 4 34 0 0 1 1 0 0 1 1 1 1 0 174 23 0 0 0 0 0 1 0 1 0 1 2 2 1 1 0 0 0 1 0 4 1 4.2 5.4 126 0.9 1 61 3 34 1 0.21 0.36 2
2 6 22 1 0 0 1 1 1 1 1 1 1 1 183 32 0 0 0 0 0 1 1 1 0 1 2 2 0 1 0 0 1 0 0 6.5 1 3.6 11 110 0.9 10 69 1 16 4 0.7 1.26 2
0 21 41 0 0 0 1 1 1 1 1 1 1 1 1691 1448 0 0 0 0 0 0 0 0 1 1 4.5 0 0 0 0 0 0 0 0 6.5 0 3.7 6 124 0.9 3 62 2 25 8 0.28 0.36 2
4 5 31 1 0 0 1 1 1 1 1 1 1 0 270 27 0 0 0 0 0 1 0 1 0 1 2 0 1 0 0 0 0 1 0 5.5 1 3.4 6.3 107 0.9 3 65 2 26 4 1.07 1.77 2
5 1 36 1 0 1 1 0 1 1 1 1 1 0 258 46 0 0 0 1 1 0 0 0 1 1 4.5 0 1 0 1 0 1 0 0 9 0 3.4 6.6 128 0.9 2 56 4 31 7 0.45 0.64 2
12 4 40 0 0 0 0 1 1 1 1 1 1 1 646 37 0 0 0 0 0 0 0 0 1 1 4.5 1 0 0 0 0 0 1 0 6 1 3.6 7.4 128 0.9 3 64 2 26 5 0.36 0.64 2
2 4 28 0 0 0 1 1 1 0 1 1 1 1 279 189 0 0 0 0 0 1 1 0 1 1 4.5 1 1 1 0 0 0 1 0 6 0 3.7 6.3 130 0.9 4 57 5 22 12 0.24 0.26 1
13 1 19 1 0 0 1 1 1 1 1 1 1 0 325 52 0 1 1 1 0 1 0 1 1 0 0 2 1 0 1 0 0 1 0 4 1 2.9 8.7 90 0.8 4 62 2 24 8 0.64 1.07 2
5 21 44 0 0 0 1 1 1 1 0 1 1 0 280 37 0 0 0 0 0 0 0 0 1 1 0 1 1 1 1 0 1 1 0 5.5 1 3.2 5.8 106 0.9 4 60 3 23 10 0.61 0.75 2
4 1 34 1 0 0 1 1 1 1 0 1 1 0 676 159 0 0 0 0 0 0 0 1 1 0 0 2 0 1 1 0 0 1 0 6 1 3.7 6.3 126 0.9 2 64 3 25 6 0.36 0.64 2
6 2 67 0 0 1 1 1 0 1 0 1 1 0 317 7 0 0 0 0 0 0 0 0 1 1 4.5 1 0 0 0 0 1 1 0 6 1 3.6 5.3 114 0.9 3 57 1 29 10 0.5 0.5 2
0 1 26 1 0 0 1 1 1 1 1 1 1 1 375 10 0 0 0 0 0 1 1 1 0 1 2 2 1 0 0 1 0 1 0 6 1 3.3 8.7 103 0.9 2 72 1 19 6 0.64 0.36 2
12 4 19 0 0 0 1 0 1 1 0 1 1 0 27 27 0 0 0 0 0 1 0 0 1 1 2 1 0 0 1 0 1 1 0 5.5 1 3.5 7 108 0.9 1 69 1 20 9 0.14 0.21 2
0 6 21 0 0 1 1 0 0 1 1 1 1 0 27 27 0 1 1 1 1 0 1 1 1 0 0 2 1 1 0 0 0 1 0 0 1 3.5 9.3 110 0.9 8 68 1 19 4 0.64 0.64 2
4 1 21 1 0 1 1 0 0 1 0 0 1 0 403 69 1 1 1 1 1 1 0 0 1 1 4.5 0 1 1 0 0 0 1 0 4 1 3.3 6.3 126 0.9 3 56 4 30 7 0.23 0.47 2
0 4 26 0 0 0 1 1 1 1 0 1 1 0 48 17 0 0 0 0 0 0 1 0 1 1 4.5 1 0 1 0 0 0 1 0 2.5 0 4.4 8.4 139 0.9 1 68 2 28 1 0.78 1.57 2
2 4 23 0 0 0 1 1 1 1 1 1 0 1 59 28 0 0 0 0 0 1 1 1 0 1 2 2 0 0 0 0 1 1 0 4 1 3.6 4.8 112 0.9 4 63 4 23 6 1.36 2.83 2
5 1 20 1 0 0 1 1 1 1 1 1 1 1 68 37 0 0 0 0 0 1 0 1 0 1 2 0 1 1 0 0 1 0 0 0 1 2.9 4.6 88 0.8 3 61 4 27 5 0.68 0.46 1
8 1 23 1 0 1 1 0 0 1 0 1 1 0 433 190 0 1 1 0 1 0 0 1 1 0 0 2 1 0 0 0 1 1 0 6 1 3.1 6.2 104 0.9 3 71 4 19 3 0.55 0.86 2
0 16 44 1 0 1 0 1 1 1 0 0 1 0 80 21 0 1 1 1 1 0 0 1 1 0 0 2 0 1 0 0 0 1 0 10 1 3.4 8.8 110 0.9 1 59 7 27 6 0.45 0.36 1
0 1 23 1 0 0 1 1 1 1 1 1 1 1 95 36 0 0 0 0 0 1 1 1 0 1 2 2 0 1 0 0 0 1 0 3.5 1 3.7 5.4 126 0.9 4 52 3 31 10 0.45 0.64 1
0 4 31 0 0 1 1 1 0 1 0 0 1 0 835 14 1 1 1 1 1 1 0 0 1 1 2 1 1 0 0 0 0 1 0 6 1 3.2 4.9 114 0.8 7 56 10 22 5 0.29 0.2 2
0 1 21 1 0 1 1 0 1 1 1 1 1 0 835 14 0 0 0 0 1 0 0 1 1 0 0 2 1 1 0 0 0 1 0 0 1 4.3 17 138 0.9 10 69 1 17 3 0.36 0.36 2
0 4 22 0 0 0 1 1 1 0 1 1 1 0 488 33 1 1 1 1 1 0 1 0 1 1 2 1 1 0 0 0 0 1 0 8.5 1 3.6 5.6 118 0.9 7 60 5 24 4 0.3 0.63 2
1 4 23 0 0 1 1 0 1 1 0 0 1 0 488 92 0 0 0 0 0 1 1 1 0 1 2 2 0 1 0 0 0 0 0 4 1 3.8 11.1 118 0.9 10 67 3 16 4 0.28 0.2 2
0 6 21 1 0 1 1 1 0 1 1 1 1 1 137 17 0 0 0 0 0 0 1 0 1 1 4.5 1 1 0 0 0 0 1 0 3.5 1 3.5 6 118 0.9 2 64 1 27 6 0.21 0.21 2
2 13 31 1 0 0 1 1 1 1 0 1 1 0 137 17 0 0 1 1 1 0 0 1 1 0 2 2 1 1 1 0 1 1 0 9 0 3.4 5.8 118 0.9 2 59 4 21 4 0.79 0.117 2
13 1 32 1 0 1 1 0 1 1 0 0 1 1 868 321 0 1 1 1 1 0 0 0 1 1 4.5 0 1 0 0 0 1 1 1 4 0 3.7 5.5 132 0.9 4 57 11 21 7 0.21 0.69 2
0 1 28 1 0 1 0 1 1 1 1 1 1 1 145 25 0 0 0 0 0 1 0 0 1 1 4.5 1 1 0 0 0 1 1 0 4 1 3.2 7.1 118 0.9 4 60 1 23 12 0.64 0.64 1
0 9 29 0 0 0 0 1 1 1 0 0 1 0 891 40 0 0 1 1 1 1 1 0 1 1 4.5 1 0 1 0 0 1 1 0 11 1 3.3 5.7 115 0.9 3 55 8 28 6 0.48 0.79 2
0 14 53 0 0 1 1 0 0 1 1 1 1 0 1621 282 0 1 1 1 1 0 0 1 1 0 2 2 0 1 0 0 0 1 0 3.5 1 3.7 6.1 130 0.9 4 56 2 30 8 0.29 0.59 2
3 1 27 1 0 0 0 0 0 1 1 1 1 0 179 28 0 0 0 0 0 1 0 1 0 1 2 0 0 1 0 1 0 0 0 9 1 3 6.8 94 0.9 3 62 3 25 7 0.14 1.07 2
0 1 30 1 0 1 1 0 0 1 0 1 1 1 179 28 0 0 0 0 0 1 0 1 1 0 0 2 1 1 0 0 1 1 0 11 1 3.8 5.9 128 0.9 4 59 1 28 8 0.64 0.58 2
12 1 37 1 0 1 1 0 0 0 1 1 1 0 544 28 0 0 0 0 0 1 0 1 1 0 0 2 1 1 0 0 0 1 0 0 1 2.6 4.8 84 0.9 1 67 1 27 4 0.36 0.48 2
0 4 28 0 0 0 0 0 0 1 1 1 1 0 187 6 0 1 1 1 1 1 0 1 0 1 2 0 1 1 0 1 0 0 0 3.5 1 3.4 5.8 118 0.9 1 66 3 18 12 0.64 1.07 2
1 21 36 0 0 0 0 1 1 1 1 1 1 0 1283 128 0 0 0 0 0 1 0 0 1 1 0 3 0 1 0 0 0 1 0 5.5 1 2.8 7.2 90 0.8 4 72 5 16 3 0.36 0.75 2
1 1 27 1 0 1 1 0 0 1 0 1 1 0 202 21 0 0 0 0 0 0 0 1 0 1 2 2 1 1 0 0 0 1 0 4 1 3.2 5 120 0.9 2 71 7 18 2 0.35 0.54 2
0 14 36 0 0 0 0 1 1 1 0 0 1 0 248 36 1 1 1 1 1 1 0 1 0 1 2 2 1 1 1 0 1 0 0 0 1 2.9 7.4 106 0.8 3 63 1 25 8 0.64 0.86 2
0 1 37 1 0 0 1 1 1 1 0 0 1 0 613 217 0 1 1 1 0 1 0 1 0 1 2 2 1 1 0 1 0 1 0 3.5 1 4 7 128 0.9 7 62 3 24 4 0.84 0.62 2
8 6 23 0 0 1 1 0 1 1 1 1 1 1 269 26 0 0 0 0 0 1 0 0 1 1 4.5 1 1 1 1 0 0 1 0 3.5 1 3.4 6.1 122 0.9 3 56 8 28 5 0.5 0.66 1
0 4 33 0 0 0 1 1 1 1 1 1 1 0 1000 26 0 0 0 0 0 1 0 1 0 1 0 0 0 1 0 1 0 1 0 6.5 1 4.2 8.2 115 0.9 7 66 1 18 8 0.14 0.21 2
0 1 28 1 0 0 1 1 1 1 0 0 1 0 277 34 0 1 1 1 1 1 0 1 1 0 0 2 1 0 1 0 0 0 0 5.5 1 3.6 5.7 132 0.9 4 58 2 26 10 0.38 0.4 2
3 5 25 1 0 1 1 1 0 1 0 0 1 0 277 96 0 1 1 1 1 1 0 1 1 0 0 2 0 1 1 0 0 1 0 8.5 0 3 15.6 94 0.9 7 72 4 14 3 0.14 0.28 2
0 1 44 1 0 0 1 1 1 1 0 0 1 0 642 34 0 0 1 1 1 1 0 1 0 1 2 2 1 1 0 0 0 1 0 0 1 3.6 4.7 96 0.9 1 64 5 22 8 0.21 0.21 1
2 4 29 0 0 1 0 1 1 1 0 1 1 0 294 21 0 0 1 1 1 0 0 0 1 1 4.5 1 1 1 0 0 0 1 0 8.5 1 3.4 5.8 116 0.8 4 58 3 28 7 0.86 1.34 2
0 1 34 1 0 1 1 0 0 1 1 1 1 1 1409 101 0 0 0 0 0 1 0 0 1 1 4.5 1 0 1 0 0 0 0 0 9 1 4 6 116 0.9 7 52 5 26 10 0.53 0.84 2
0 22 41 1 0 0 1 1 1 1 1 1 1 1 334 61 0 0 0 0 0 1 1 1 1 0 2 2 1 0 0 0 0 0 0 4 0 3.4 7.4 120 0.9 2 63 2 23 10 0.14 0.14 2
